assets/vector_field/july_jan_mag_v.asc
NCOLS 720 
NROWS 360 
XLLCORNER -180 
YLLCORNER -90 
CELLSIZE 0.5 
NODATA_value -9999 
[rows 224 to 251 of 360, columns 192 to 255 of 720]
-9999 -9999 -9999 -9999 -9999 -9999 -9999 -9999 -9999 -9999 -9999 -9999 -9999 -9999 -9999 -9999 -9999 -9999 -9999 -9999 -9999 -9999 -9999 -9999 -9999 -9999 -9999 -9999 -9999 -0.0140390799873676 0.026495484924499 -0.0102995151296888 -0.00334173869555611 0.00885402764198176 0.047472601823988 0.0296702109053242 -0.00580520713049383 -0.0985035219223188 0.404166464175075 0.213011801854707 -0.1415120588415 -0.196909007570288 -0.291975089891378 -0.108497439505212 -0.106212417773887 -0.33837957998599 0.180962588134172 -0.153502429316541 -0.359468539503686 -0.103249287226998 0.528318540216008 0.373402270285657 0.219131412536521 -0.11214529484799 0.0604391506124392 0.134331497034815 -0.390841431018505 0.589193359459848 0.36470928525854 -0.415465338560505 -0.247160562041732 -0.282678821560663 -0.208183309332496 -0.171329530751493
-9999 -9999 -9999 -9999 -9999 -9999 -9999 -9999 -9999 -9999 -9999 -9999 -9999 -9999 -9999 -9999 -9999 -9999 -9999 -9999 -9999 -9999 -9999 -9999 -9999 -9999 -9999 -9999 -9999 -0.0683554275900142 -0.0730690183770729 0.0112224241849837 0.0615113206517746 0.11680409215871 -0.139388956500914 0.0294021410073906 0.122540329275277 -0.113397573238628 0.324010524712148 0.137064675555234 -0.0344557177323156 -0.320303592337395 -0.322729727434905 -0.0341300018298519 0.413198981427129 -0.326525982306195 0.0947119169542981 -0.0568829287225145 0.0405429088089376 -0.0223328361062186 0.010669863483131 -0.136141997538178 -0.0821400477134758 -0.145598941636872 -0.27319041618986 -0.270259216872064 -0.321654630787762 0.223959080225508 0.267870967769234 0.153644883618927 0.324646439491983 0.236494804257788 -0.0268879324194462 -0.0660546013121639
-9999 -9999 -9999 -9999 -9999 -9999 -9999 -9999 -9999 -9999 -9999 -9999 -9999 -9999 -9999 -9999 -9999 -9999 -9999 -9999 -9999 -9999 -9999 -9999 -9999 -9999 -9999 -9999 -0.124541813062306 0.056996256474633 0.101257225965474 0.0313467366933778 0.0302277563983572 -0.0026482722238453 0.122066236020705 0.0209247580602023 -0.0153635774652129 0.0630580089721384 0.0561633537544385 0.621085188520384 -0.436506788711401 -0.368588536653564 0.416649872354734 -0.503303828186357 0.309048042030632 -0.370508031583019 -0.0427842958173757 0.0853736723676817 0.108455627795628 -0.0707353888167267 0.00106514416329747 -0.138389337535166 0.148300292754307 -0.00777669127892893 -0.351052126777739 -0.277049786755588 0.00896458261745433 -0.568026676099429 0.114926308433015 0.00235703213692291 0.209694865941422 -0.352880109516565 -0.337783438503009 0.351115046080782
-9999 -9999 -9999 -9999 -9999 -9999 -9999 -9999 -9999 -9999 -9999 -9999 -9999 -9999 -9999 -9999 -9999 -9999 -9999 -9999 -9999 -9999 -9999 -9999 -9999 -9999 -9999 -9999 0.0192579794186869 0.0237370183946822 -0.0380878571639018 0.0164918343681881 0.00694033398222862 0.00837462317794992 0.0258449899052993 0.0668615538315918 0.00571659018027303 -0.121495726955954 0.327815116553938 -0.585731123975494 0.11606431381828 0.0968909311165877 -0.332742719562569 -0.194590092713917 0.12234537882316 -0.323313748164124 0.16207062142305 0.145937440629627 0.230829570004912 -0.0669521844378565 -0.155272366799894 -0.0866810785932338 -0.0655206361725857 0.0656887168415888 0.224937369394583 0.264947153730927 0.539968761630044 -0.297611756464291 0.169029886421557 -0.0690221178416406 0.565844030747423 0.0674932345518281 0.252057001168452 0.457958032562006
-9999 -9999 -9999 -9999 -9999 -9999 -9999 -9999 -9999 -9999 -9999 -9999 -9999 -9999 -9999 -9999 -9999 -9999 -9999 -9999 -9999 -9999 -9999 -9999 -9999 -9999 -9999 -9999 -0.0555832765009453 -0.0182428043866667 -0.00069530683065268 -0.00193466368388095 0.0580023577517285 0.0226293813613581 0.0925593558846665 -0.139779770231599 0.152969952511966 -0.0901432444538651 0.4250909032665 0.517238034351143 -0.148612907527457 -0.234421685285521 -0.0966006295580261 -0.127038117594554 -0.0127048343920183 0.163093484049512 0.485273510007722 0.0203980180948018 0.145406287845785 0.580205237455116 0.00094036108837819 0.155634995530429 -0.168167193936559 -0.171451260736877 0.362668134457933 0.0132588344434456 -0.249166178952183 0.119683291781181 -0.207714455024686 0.175193532836934 0.25937593214507 -0.235763037176841 -0.685823848371367 -0.36798213122075
-9999 -9999 -9999 -9999 -9999 -9999 -9999 -9999 -9999 -9999 -9999 -9999 -9999 -9999 -9999 -9999 -9999 -9999 -9999 -9999 -9999 -9999 -9999 -9999 -9999 -9999 -9999 -9999 -0.0185079291461695 0.0785787719665019 -0.191062146971055 0.0868260854959441 0.0397401356136512 0.0329589732968194 0.181869677008091 -0.0122365237795874 0.135573575785068 -0.166956573304454 0.2017442499993 0.0598814654531863 0.452158565678867 -0.108684363373988 0.329893548735928 0.0776419663317423 -0.169561606713606 0.259198736458203 -0.240461070056203 0.0249759301570863 -0.0821979039591593 0.115421007243338 0.13017478051458 0.0898191753869034 0.291065971538264 -0.10094093871912 -0.256248419268569 0.240487356460748 -0.135686895783888 0.332044639038213 0.765457426149507 0.0713835156119891 -0.268234653806283 -0.407467520567721 0.669962275576078 -0.159771829364506
-9999 -9999 -9999 -9999 -9999 -9999 -9999 -9999 -9999 -9999 -9999 -9999 -9999 -9999 -9999 -9999 -9999 -9999 -9999 -9999 -9999 -9999 -9999 -9999 -9999 -9999 -9999 -9999 0.0513341389758276 0.0513156650357847 0.0127144607582992 0.032702163151148 -0.00389523242091226 0.0241043577421527 -0.0565524945706774 0.0172459199736153 0.287615053058624 0.302658970551869 -0.447838108428165 0.24064155543075 -0.274893687138694 0.347121659278775 0.207201528959863 -0.199859034699574 0.000267856364726536 0.0726452299734815 -0.170431438872472 0.0200014698647923 0.231146978011814 -0.0595124238896788 0.297980650957776 0.0413595854928089 0.113018148166981 0.226530113489336 -0.269451986842293 -0.0435308783362447 0.357271645174885 -0.624316194911469 0.222596763140161 -0.633203025887264 -0.333687554946356 -0.277065220622808 0.249099643792711 0.298595673993293
-9999 -9999 -9999 -9999 -9999 -9999 -9999 -9999 -9999 -9999 -9999 -9999 -9999 -9999 -9999 -9999 -9999 -9999 -9999 -9999 -9999 -9999 -9999 -9999 -9999 -9999 -9999 -9999 -0.00620816457734804 -0.0691708945337013 0.0164797719650124 -0.203155146956305 -0.00491122002218908 -0.00525244501399479 0.0616975769319453 0.00462029927930136 0.112370873303379 -0.117377343013141 0.514458478420874 0.280403339199918 -0.248736774007238 0.0541683061304156 0.400039243458773 0.345919478426886 -0.129309731919651 0.169309327207312 0.0446672887517508 0.400263535238087 -0.340378183496283 0.423080448259538 -0.0489576163576762 -0.0573848028112517 -0.179231832098021 -0.353591585043613 0.279521663483336 0.282971243309381 -0.131785860531934 -0.460878976842361 0.272688560614651 -0.00193655225308518 0.100290587747408 -0.16516626227682 -0.320435080521626 0.0488602644734334
-9999 -9999 -9999 -9999 -9999 -9999 -9999 -9999 -9999 -9999 -9999 -9999 -9999 -9999 -9999 -9999 -9999 -9999 -9999 -9999 -9999 -9999 -9999 -9999 -9999 -9999 -9999 -9999 0.0988674749639592 0.00473848747266468 0.104153029797196 -0.00909825094587157 0.0221123135864446 0.0183594049644815 -0.0726894322047873 0.0362992531787144 0.198683975682244 -0.529171170729714 -0.328818628508456 0.21029142979923 0.498810223431451 -0.382188729743639 -0.116703851966992 0.108347050334775 0.256374426241574 0.00933678318328659 0.350606447965104 0.348616288770347 0.556831882923077 -0.0914414691059953 -0.326018792219754 -0.0268833259357246 -0.0196425762295695 -0.0243776933084408 -0.189305463951908 -0.179177258985141 -0.310022115555107 -0.290290696414891 -0.42936675521167 0.214869275070742 0.195153054733281 -0.151361694757043 -0.413053024727357 0.501409881138225
-9999 -9999 -9999 -9999 -9999 -9999 -9999 -9999 -9999 -9999 -9999 -9999 -9999 -9999 -9999 -9999 -9999 -9999 -9999 -9999 -9999 -9999 -9999 -9999 -9999 -9999 -9999 0.0293641969266282 0.0198463233335694 -0.156265556963874 0.00204694173369622 -0.184107636232252 0.171262511071362 -0.00980787233509348 -0.00290795490513678 -0.0361850254981861 -0.206832410482267 0.284788476381721 -0.207310113307825 0.0904720448845808 -0.288809395678869 0.183577501519286 0.275958013038715 -0.0289357178863367 0.042447427196561 0.0128843129963131 -0.379672698094206 -0.302690934323779 -0.0458270723044596 0.382730163676779 -0.327995623934331 -0.099757376459784 0.329734508562073 -0.0409431638370216 -0.267972223118557 -0.0868903297504784 -0.114475861467876 -0.106004133836593 0.153890875833993 -0.0378896389705823 0.328797904005127 0.383429588660472 0.150447214883202 0.167608465710336
-9999 -9999 -9999 -9999 -9999 -9999 -9999 -9999 -9999 -9999 -9999 -9999 -9999 -9999 -9999 -9999 -9999 -9999 -9999 -9999 -9999 -9999 -9999 -9999 -9999 -9999 -9999 0.0434977358988279 0.00184517113124144 0.00605282524759661 0.00950149680296421 -0.0318523032192201 -0.0434180113729474 -0.0421229648004355 0.114657872051715 -0.128265203981185 -0.0373120969316258 0.422952607021346 0.270532545329261 -0.224613208036537 -0.11188896124052 -0.193253765806615 -0.0103874151792753 0.131237208351571 0.238107225048832 0.0990504054588498 0.227732964666635 -0.361661226670586 0.189671819364312 0.174230934512764 -0.202126828894752 0.180404732364872 0.0840231061622377 -0.0441406591564396 0.0124609591018268 -0.0698663964431136 -0.072054894858766 -0.459978036000393 0.306737368428334 0.194716451315132 -0.317620399478323 0.0468837004072825 -0.051253823715844 -0.416942049218615
-9999 -9999 -9999 -9999 -9999 -9999 -9999 -9999 -9999 -9999 -9999 -9999 -9999 -9999 -9999 -9999 -9999 -9999 -9999 -9999 -9999 -9999 -9999 -9999 -9999 -9999 -9999 0.106178083950067 -0.100013460620832 -0.0148140750177453 0.0800154867980106 -0.0302607379620308 0.0686965765406033 0.064776957139063 -0.0675315113493253 -0.0085404222788234 0.314929259955564 -0.0303651195531857 0.198112711567465 -0.194158327952436 0.112293913636351 -0.348416146403625 0.200565601423645 -0.0548531556830631 0.246127650555746 0.107167854281116 0.112900842642965 -0.378493579985025 0.160591917392048 0.0254829884067537 0.247657147879535 0.354989188887349 0.0228723539860741 0.0676197579100549 -0.122268501006497 0.18058850983025 -0.0672925524859564 -0.314927364988062 -0.369816727651448 -0.150529884883472 -0.188318169813841 0.115743455458573 0.0672805258489684 -0.614428126906581
-9999 -9999 -9999 -9999 -9999 -9999 -9999 -9999 -9999 -9999 -9999 -9999 -9999 -9999 -9999 -9999 -9999 -9999 -9999 -9999 -9999 -9999 -9999 -9999 -9999 -9999 -9999 0.121432739864914 0.0421493794152759 -0.044307877881822 -0.0503139244037699 0.0236803855565991 -0.011131188637833 0.00112489877681641 -0.0107386984796182 -0.0338517077640891 -0.0961801802799163 0.20187310072056 0.296994400107923 -0.30844934624738 -0.0802535685661513 0.285639946572289 -0.118770390063744 0.227436712634018 0.0184707414511847 -0.215659393283386 0.310942381480627 0.0560704905349522 0.0366280989422093 0.420491804454615 -0.0870487112431702 -0.182130007631051 -0.0101499008087875 -0.137561683588683 -0.36959913086783 0.0891704742480454 -0.214447147996576 -0.184295131065212 0.543853353415489 0.496454903424669 0.192380297822701 -0.140892671042882 0.541671707864895 -0.134385191084765
-9999 -9999 -9999 -9999 -9999 -9999 -9999 -9999 -9999 -9999 -9999 -9999 -9999 -9999 -9999 -9999 -9999 -9999 -9999 -9999 -9999 -9999 -9999 -9999 -9999 -9999 -9999 -0.039440094532782 0.0427997282369208 -0.0144604548806704 0.0396368693867198 -0.0324237065688984 0.0468861179103932 0.153799699078393 0.0326488466757371 -0.0818483261637991 -0.284446761915065 0.0619246427266295 0.00184358100181548 -0.19353291566932 0.136036834392483 -0.0349208444736503 -0.0738815524760834 0.0273424800804668 -0.118196413135563 -0.12252109620666 -0.220634642184656 -0.0825896231136147 -0.387763334286607 -0.113046849429581 -0.137940449051285 -0.535679560981118 0.189693325825143 -0.0842097030685364 0.265760964946143 0.411392946607796 0.20141062678824 0.082295662298866 -0.257796718571904 -0.349188856153702 0.0915803167789519 0.362623171485861 -0.286720766248294 0.477272796350471
-9999 -9999 -9999 -9999 -9999 -9999 -9999 -9999 -9999 -9999 -9999 -9999 -9999 -9999 -9999 -9999 -9999 -9999 -9999 -9999 -9999 -9999 -9999 -9999 -9999 -9999 -0.00737811272834196 0.00815847370527014 -0.0667476508165197 0.0682699366149742 0.000320514893151028 0.072112924347866 -0.0154027776449027 0.0175932012921008 -0.0653347781988649 0.00403832961287728 0.018644730865792 0.00291732127396892 -0.0254111851994286 0.209514453744129 0.114329557423275 -0.0619663901899179 0.0380097320999163 0.135258620016035 -0.30860071049481 0.305381192731484 0.348715450800262 -0.289417346604416 -0.290229467270046 -0.242803079498429 -0.507908581111311 -0.017493133449561 0.280983700468671 0.240739126272545 -0.325306130329912 -0.32734086706935 0.390045583489029 0.102652829695259 0.0862894053627264 0.235185150478358 0.00584612865174423 -0.291745431587546 0.302339018023666 0.371450205841942
-9999 -9999 -9999 -9999 -9999 -9999 -9999 -9999 -9999 -9999 -9999 -9999 -9999 -9999 -9999 -9999 -9999 -9999 -9999 -9999 -9999 -9999 -9999 -9999 -9999 -9999 -0.0333189160123903 -0.0562786445630702 -0.0297898578730705 -0.124941514042254 0.00203869648066976 0.093696790607707 0.0383495371286131 -0.0186621410647963 0.189751111643682 -0.00441557572340179 -0.000366685139935084 -0.0146958438736629 -0.0109592001237275 0.100999203755364 0.209307868417439 -0.194357292370951 -0.328109681366383 -0.166994034427614 0.111266980077275 -0.0322464688625983 0.229504403731614 -0.415391525303641 0.490383754209539 0.417188937504166 -0.0944199198757049 -0.085085701858841 0.104456112390433 0.0504506435477818 0.200234695808848 -0.489063349464161 -0.247392057949412 0.103513289876851 0.0138311568429601 -0.115726723146198 -0.242488435420236 0.322989997142164 -0.309099450649835 0.400244045467057
-9999 -9999 -9999 -9999 -9999 -9999 -9999 -9999 -9999 -9999 -9999 -9999 -9999 -9999 -9999 -9999 -9999 -9999 -9999 -9999 -9999 -9999 -9999 -9999 -9999 -9999 -0.016598079498613 -0.0129072668844846 0.00923497123750123 -0.0190670462471811 -0.0190854513275745 -0.0105219315847853 -0.0125073734498946 0.00895061454551153 0.0404123869921806 0.0887060720591321 -0.00390986812598544 -0.0433562339608719 -0.00292656942824144 0.122779286580706 0.0841628718580961 0.0304539810745481 -0.0436850321606752 0.0130379518951923 0.268388310051621 0.434542573283741 -0.227514102454467 -0.285576493777162 -0.228413062920081 -0.198484258041486 0.358492672234141 -0.187339162141404 -0.0235538900520574 0.0579096761702416 0.0186082206486602 0.126661435237166 -0.0903107597760255 0.0982760141539247 -0.128880344615357 0.148211152977541 0.347064941134868 0.210661621360895 -0.531618847601366 -0.165606632567904
-9999 -9999 -9999 -9999 -9999 -9999 -9999 -9999 -9999 -9999 -9999 -9999 -9999 -9999 -9999 -9999 -9999 -9999 -9999 -9999 -9999 -9999 -9999 -9999 -9999 -9999 -0.257675916750096 0.00403736878912017 -0.108416138858259 0.000921009796186935 0.0632636629732368 -0.00913606390918943 0.00915144353551266 -0.0356622693501348 -0.0196051653834231 -0.0165274204155825 -0.288077959181059 -0.109812899020389 0.0733182497469689 -0.0467311518407461 -0.00462683593264066 -0.11396226528706 0.00155737481457661 -0.0995683967798577 -0.346121044738144 -0.156524068441979 -0.0639224107140777 -0.285726230272534 0.0806490590245831 0.0858853119770412 -0.120113483963507 0.062992994411677 -0.100521556522964 0.110858890180875 0.0460231400831262 0.135142766144064 -0.152132267010161 0.209665471319782 -0.18293011003975 -0.31028028070578 0.479939057057414 -0.424094109662312 -0.326157962443534 0.10069769192057
-9999 -9999 -9999 -9999 -9999 -9999 -9999 -9999 -9999 -9999 -9999 -9999 -9999 -9999 -9999 -9999 -9999 -9999 -9999 -9999 -9999 -9999 -9999 -9999 -9999 -9999 0.00315860095305503 -0.0248467378133403 -0.0442342379147502 0.274128448480215 -0.0332141790581835 -0.0718396966856051 -0.0375725195164435 0.0212040487789788 -0.0902242570440218 -0.134890570682623 -0.0155888259059624 -0.013242325547592 -0.00324547736269354 -0.282734604890129 -0.349687452491015 -0.146050390513927 0.306884755792921 0.250980301092744 -0.361849835519896 0.148463335690086 0.262255955134781 0.25083336553197 -0.196102085221629 -0.0676176632356714 -0.10769329133845 -0.207631187452182 0.0895855358507127 -0.255318722660936 0.0564476785840514 -0.0721075981714646 -0.425509461428115 -0.0863648955683286 -0.24559159487241 0.190317816457858 -0.305897766342098 -0.29982806631405 -0.260740923734026 0.122774582090623
-9999 -9999 -9999 -9999 -9999 -9999 -9999 -9999 -9999 -9999 -9999 -9999 -9999 -9999 -9999 -9999 -9999 -9999 -9999 -9999 -9999 -9999 -9999 -9999 -9999 -9999 -0.142535956753131 -0.141252367244589 -0.0553276417122266 0.0327565626292941 0.0159200515381089 -0.0135643123629511 -0.00216780246062335 -0.0164229458804065 -0.0202561498401102 -0.0498079089571255 0.144000814224939 -0.0145229760831032 0.390128912444857 0.169117542252743 -0.604357546920594 0.387151067730806 -0.347996941537658 -0.00879906167189849 0.0909147210839986 0.433488285665458 -0.40924428335085 -0.226723934178071 -0.380477280050974 0.462101427081708 0.344913949874688 0.419534525723842 -0.206126829898609 0.427163765654138 -0.0690459275597138 -0.462010845545236 0.132936726565698 0.217910173575322 -0.103410273289276 0.430440271926296 0.167531079250571 0.123799566601931 -9999 -9999
-9999 -9999 -9999 -9999 -9999 -9999 -9999 -9999 -9999 -9999 -9999 -9999 -9999 -9999 -9999 -9999 -9999 -9999 -9999 -9999 -9999 -9999 -9999 -9999 -9999 -9999 -0.178796785834595 0.199685505842414 -0.0468308064560152 -0.0404902578374317 0.0396336627091281 -0.0169158232319074 -0.04237763961907 -0.031602339947 0.178742148355333 0.00178489556230303 -0.130082188420914 -0.355503312925551 0.37383416565839 0.532064061109326 -0.196994763196095 0.470635498239896 -0.161398243203259 0.501215789668878 0.444674948217878 0.120673972697354 0.157233494924353 0.277220888409476 -0.172207030094332 -0.167582688592214 -0.21319144770487 0.00766053781215433 -0.274260325743883 -0.116986267147183 0.273660916554844 0.431754511779682 0.162334262200312 0.356385339703845 -0.061877038768419 -0.231717483078937 0.168382392337401 -0.255469226789077 -9999 -9999
-9999 -9999 -9999 -9999 -9999 -9999 -9999 -9999 -9999 -9999 -9999 -9999 -9999 -9999 -9999 -9999 -9999 -9999 -9999 -9999 -9999 -9999 -9999 -9999 -9999 -9999 0.1601758407495 -0.0157447507646721 0.050723253774032 0.0179615869550428 -0.0173076095126913 -0.148889921109418 -0.00864578964019603 0.032858433005859 0.192491955936064 -0.111427634602492 0.213354464372466 0.619412981931504 -0.233583850983038 -0.202042399457333 -0.194293112123644 -0.223752012775816 -0.490786258551675 0.230176888700596 -0.491283747336391 -0.012954790744677 -0.763819698637737 -0.416202250178842 -0.439972839878201 -0.298244646467135 -0.567128621123014 0.0661479983692278 -0.0520476531285013 0.173395918078431 0.405311927471784 0.268251756705798 -0.503626237834633 0.0062755804875842 0.113170797757039 0.0747652138176539 -0.131412882353127 -9999 -9999 -9999
-9999 -9999 -9999 -9999 -9999 -9999 -9999 -9999 -9999 -9999 -9999 -9999 -9999 -9999 -9999 -9999 -9999 -9999 -9999 -9999 -9999 -9999 -9999 -9999 -9999 -9999 -0.122573304894194 0.037753054497335 -0.0132570474432767 0.121007517430778 -0.0597814545557538 0.0748725050718962 0.0466666216885122 -0.0676812245683394 -0.0524874584169861 -0.145861887382144 -0.208067890757872 0.562560048005596 -0.395270277398461 -0.503075647412715 0.676132159570118 0.411741375474319 -0.615743727127657 -0.393096958645439 0.327754958680788 -0.582976876078783 0.150503105769343 0.21115261765779 0.444771852154239 -0.0189569762650899 0.283593973668472 -0.410517939992411 -0.206847890680493 -0.00540317559713136 0.16779932902104 -0.145641579160349 -0.14630326358242 -0.0852341850951776 0.15397925902891 -0.000350856390829867 -9999 -9999 -9999 -9999
-9999 -9999 -9999 -9999 -9999 -9999 -9999 -9999 -9999 -9999 -9999 -9999 -9999 -9999 -9999 -9999 -9999 -9999 -9999 -9999 -9999 -9999 -9999 -9999 -9999 -9999 -0.0437691805523096 0.361157292037562 -0.0584952864733743 0.0249206585338137 -0.000740036197905125 0.0286095164828487 0.0319198528517431 -0.159542734414634 0.0275833043499457 0.0830556035912786 -0.116251378786273 -0.412849079249015 0.465966962354177 -0.393579000628977 0.654606911518654 0.146065466001858 0.525622497964313 -0.465860975652058 -0.327614970748376 0.178977303649259 0.00608165890446688 -0.317582412263038 -0.525288930157569 0.240828587026749 -9999 -9999 -9999 0.165664040820148 -0.256527763988021 0.201240877954394 0.0112469359663669 0.398113050995042 0.313891042601981 0.495468668153511 -9999 -9999 -9999 -9999
-9999 -9999 -9999 -9999 -9999 -9999 -9999 -9999 -9999 -9999 -9999 -9999 -9999 -9999 -9999 -9999 -9999 -9999 -9999 -9999 -9999 -9999 -9999 -9999 -9999 -0.140744821837313 0.214238179244746 0.250320883619697 -0.0626744272896907 -0.0131401077143251 0.104224466723159 -0.300541434641446 -0.00665458714987059 -0.00121598483399913 -0.0114761747894343 0.209239270068022 0.128111201451323 -0.3282556113563 0.242774707599562 -0.612551825312711 0.3223708959612 0.618964263469816 -0.461721257801751 0.660815028260071 0.117785601132551 0.47833058402996 0.818876637657031 -0.292792462623418 -0.285495191108699 -0.392057786547353 -9999 -9999 -9999 -9999 -9999 -9999 0.00336513985300625 -0.272930326654682 -9999 -9999 -9999 -9999 -9999 -9999
-9999 -9999 -9999 -9999 -9999 -9999 -9999 -9999 -9999 -9999 -9999 -9999 -9999 -9999 -9999 -9999 -9999 -9999 -9999 -9999 -9999 -9999 -9999 -9999 -9999 -0.344815109303407 -0.0961102228821551 -0.16811679779022 0.0349593092815073 0.146018201146708 -0.00741717922973211 0.0457746621639744 0.191799700998658 -0.0129395670239662 0.0397052073034431 -0.00979487118684094 -0.101241081064654 -0.0478516187958817 0.052218638401404 -0.492418441624506 -0.0576185472755712 0.468050746130195 -0.209485812898554 0.398461732523881 -0.191616694222074 -0.415982201235435 0.0787821811983291 -0.687295395446933 0.57522809476829 -0.308254391259201 -9999 -9999 -9999 -9999 -9999 -9999 -9999 -9999 -9999 -9999 -9999 -9999 -9999 -9999
-9999 -9999 -9999 -9999 -9999 -9999 -9999 -9999 -9999 -9999 -9999 -9999 -9999 -9999 -9999 -9999 -9999 -9999 -9999 -9999 -9999 -9999 -9999 -9999 -9999 -0.0265804924238078 -0.0209248112185178 -0.0145265816431323 0.0365005106791425 0.191084997679528 0.0885376469186234 -0.0751971975281947 -0.310471587656978 0.0566213643827184 -0.021501907491354 0.0403045177030214 0.175804349437025 0.312624176038528 0.203335982915041 0.425832678838426 0.489130703116855 0.0490038094816757 -0.469013987827124 0.369101871066819 -0.264350339491922 -0.400441288740166 -0.674683614564846 0.268887261810142 0.30600573112152 -0.272533566840018 -0.0874654153453375 -9999 -9999 -9999 -9999 -9999 -9999 -9999 -9999 -9999 -9999 -9999 -9999 -9999
-9999 -9999 -9999 -9999 -9999 -9999 -9999 -9999 -9999 -9999 -9999 -9999 -9999 -9999 -9999 -9999 -9999 -9999 -9999 -9999 -9999 -9999 -9999 -9999 0.278860894879445 -0.512596627513004 0.0596787381187284 -0.0522606083822189 -0.0378239442582478 -0.156744925426365 0.0086098829168545 -0.0689172612727991 -0.017081619354367 0.0245767219951819 -0.0485044260572027 -0.0558070479530829 0.0846908229756814 0.3097128051052 0.120879515228668 -0.533669877903453 0.450395512689172 0.579610181171673 -0.869403652957447 -0.366162616680106 0.0972388182336005 -0.00621978528612129 0.388850340650797 0.0783438574879855 0.380944994828819 0.246282332492182 -0.191964328301361 0.376684392418301 -9999 -9999 -9999 -9999 -9999 -9999 -9999 -9999 -9999 -9999 -9999 -9999
