assets/vector_field/july_jan_mag_simple.asc
NCOLS 720 
NROWS 360 
XLLCORNER -180 
YLLCORNER -90 
CELLSIZE 0.5 
NODATA_value -9999 
[rows 84 to 111 of 360, columns 378 to 440 of 720]
0.597563575953245 0.599393658339977 0.74421784405907 0.490249164402485 0.607829624631753 0.73764513960729 0.644255687793096 0.512373055020968 0.553731855005026 0.466194108128548 0.652989834547043 0.683987695568552 0.413295677552621 0.553939250608285 0.559161571164926 0.617216904958089 0.470782092772424 0.524281385665139 0.664769302665566 0.577285505831242 0.528656252116586 0.428557516386112 0.626632956632723 0.744064792990685 0.603526386121909 0.855344622085492 0.789497084915638 0.524337073167165 0.739813327478866 -9999 0.76910165635248 0.645727814485629 0.499149198954304 0.601291836549838 0.633677043331166 0.633994825184345 0.67074432472388 0.568295200665792 0.640417098688583 0.616550255101174 0.517702461918816 0.532631679205224 0.587689785907666 0.312963043649991 0.483393418292205 0.694851841311902 0.440090837577979 0.590185561527809 0.483716242015362 0.459684913357099 0.259720128960907 0.349087287982305 0.315542243421078 0.453372560441494 0.422153368592262 0.376659398277601 0.418210091069341 0.505221779147784 0.291910643378894 -9999 0.460091522584359 0.4467073486497 0.307869749764601
0.510148860514164 0.541640927394231 -9999 -9999 0.248561481634776 0.526561342490216 -9999 -9999 0.591265725592772 0.526604297881325 0.611500759919484 0.645366369436185 0.792781671741977 0.507829273740451 0.664230001469453 0.589457702512542 0.570488261679808 0.557265451798836 0.546723291588326 0.525557208185395 0.487281372770667 0.48408459375302 0.524517894412081 0.436226643777142 0.541693190733592 0.610802030190825 0.625044164558252 0.577192626272639 0.749548260122538 0.678287685539544 0.716952367685735 0.884858210881551 0.550997628519932 0.446304832895597 0.715926696856817 0.734752158867195 0.674179625386993 0.640976503491402 0.63400709691147 0.397796501715978 0.442572897300124 0.396181744833787 0.43685263240089 0.523741247908523 0.446498479694128 0.438403971493244 0.399248397288223 0.326921449353298 0.392979525029659 0.284523936609427 0.223627511411905 0.236331525569161 0.326902490109205 0.407864247371132 0.607463272909323 -9999 0.495684136636555 0.572016283869743 0.412200354039669 0.28039314225316 0.441922694444656 0.539223738014698 0.607024783889453
0.176079819599787 -9999 -9999 0.160639430085818 0.252051065365473 0.381283524135749 0.318686579043667 0.428063649684191 0.440401355425517 0.499698270112276 0.371778509269158 0.56485905436178 0.66777896694839 0.607589196413755 0.7525548239549 0.631434462964535 0.633409670243661 0.503044704596202 0.665436351050933 0.497937963654598 0.531202827269832 0.476687739292781 0.44685374883314 0.447130405033628 0.48065098002553 0.660160792370637 0.647249345978101 0.65960007517909 0.705488064636787 0.634802353878816 0.664591386603812 0.676010156360765 0.674656451990207 0.500182353580991 0.595567629983028 0.768577660278728 0.615667200336854 0.635519368574023 0.643577326710025 0.653044205158949 0.577585385607866 0.484419645741582 0.433471928661068 0.312781033416589 0.26649243136247 0.233407677927365 0.273222118926545 0.309203109587543 0.412478199073424 0.342550857303043 0.362374534209569 0.288062022378047 0.220718109359344 0.255410224199295 0.237473832753797 0.111927159130573 -9999 -9999 0.266941126435995 0.391820361216863 0.498720643421014 0.425512599448363 -9999
0.346467713514964 0.50207213871181 -9999 0.496306312580903 0.556295811198652 0.451252943215271 0.544070182989041 0.554026143004497 0.618837046592186 0.541991652920842 0.677055778602759 0.64657503242294 0.779267051567634 0.71482696911941 0.760014021148284 0.769332576543093 0.680265332261721 0.642122832437356 0.578539590972165 0.713361816791197 0.605769374718269 0.576953628410896 0.489985382184386 0.298236300547918 0.513635435452064 0.518869550898671 0.795326913396517 0.62237041691939 0.805701511291166 0.632851008325815 0.68165310099721 0.838226191699505 0.766884379088879 0.577703602612019 0.57967081045111 0.710317067801952 0.567357383125151 0.570951274285714 0.561162455007434 0.411762421329816 0.355347716559966 0.399624709660808 0.254675393924117 -9999 -9999 -9999 -9999 0.190594161239763 0.206510264736911 0.29347255329291 0.264736647407214 0.244259983301163 -9999 -9999 -9999 -9999 -9999 -9999 0.124114553754528 -9999 0.477477350582679 0.462062917649746 0.59473275889953
0.547680617620548 0.602238478139043 0.620108066437145 0.538495803251863 0.580245368182659 0.592917639141281 0.622229341727992 0.46388161702392 0.32787558188041 0.475663411120574 0.575792108041545 0.675452243536711 0.738463799624393 0.696352394918601 0.814409343525767 0.800485145223017 0.651510237405697 0.718800408144792 0.692244064373275 0.642231789728006 0.585302285850048 0.663309411145747 0.569463692605495 0.547956164926291 0.56976172203819 0.637610844646891 0.72470876108855 0.67417781551679 0.759310780248294 0.680691372913619 0.729512507095933 0.60878948122263 0.75736029073596 0.662121360500654 0.662228142221769 0.49708249916633 0.632483940416326 0.538637528195977 0.452346006408334 0.422985835000873 0.313591409474611 0.179159013864895 -9999 -9999 -9999 -9999 -9999 -9999 -9999 0.184246854235729 0.188784251610438 0.268211858347058 -9999 -9999 -9999 -9999 -9999 0.265344254672527 0.403473685029894 0.565187407967945 0.465884465103348 0.407114598279198 0.590018872326861
0.70921187226971 0.609167253598571 0.62479217723012 0.639817192840079 0.568392202568551 0.629552058875561 0.463867639191449 -9999 -9999 0.107160905376077 0.331604567666848 0.452107638120651 0.634262820705771 0.806521527158717 0.781125447402398 0.758196028570334 0.77871162413309 0.747810396055381 0.736495771755775 0.621730171144009 0.884655550122261 0.828513517510146 0.634987540543079 0.56244454284509 0.622123923152685 0.692982194324334 0.662564071516196 0.578260796765486 0.566805308063825 0.603876857281042 0.704731901176274 0.653471370538076 0.760440156484644 0.485215765734514 0.721658132970333 0.6525476227204 0.502787272135417 0.620861889095977 0.545310435195764 0.470404707205792 0.481966073314349 -9999 -9999 -9999 -9999 -9999 -9999 0.0885433650886019 0.095597742125392 0.0963888174543778 0.205191062142452 0.284148468325535 0.295461650782575 0.269638908406099 0.126109108741124 0.0974691919982433 0.246228711058696 0.416834248074641 0.563726256291072 0.572730797032515 0.559970503052076 0.594580265382926 0.542254218210777
0.591252911215027 0.673256515214841 0.60699190137287 0.612417628367742 0.536658860743046 0.414017627636592 0.432680066054066 -9999 -9999 -9999 -9999 -9999 0.547693575421969 0.701681500999257 0.718063219838465 0.75979113082091 0.655241052930554 0.840534963955482 0.681703144063552 0.750828301534057 0.742255631834269 0.762997475763162 0.666604928982755 0.595996763557196 0.648597793653607 0.718496556704243 0.668691519026955 0.752083708687375 0.654795596376061 0.650117271269361 0.672781310602052 0.597843843201796 0.684986487030983 0.63194551008443 0.590713909516732 0.567958287739505 0.509763643766443 0.51237459294498 0.448472435586154 0.374121057490508 -9999 -9999 -9999 -9999 -9999 -9999 -9999 -9999 -9999 0.174052892873685 0.39158170959369 0.14460135002931 -9999 -9999 -9999 -9999 -9999 0.320811831702789 0.593061270813147 0.685322776436806 0.612255826592445 0.741395914306243 0.654369326424785
0.110140750805537 0.360999785363674 0.591445876906315 0.63123923415939 0.703364017419517 0.516316849738359 0.435917100131822 -9999 -9999 -9999 -9999 -9999 0.0784718667467435 0.387745483157535 0.650068999268115 0.704599908242623 0.689509108662605 0.672802651921908 0.744894239120185 0.62208702446272 0.749718953544895 0.728989466403921 0.602557501289994 0.628105334937572 0.811639528100689 0.797690583392978 0.703927595478793 0.513739116489887 0.516148575892051 0.453503009552757 0.381033413830058 0.338683269917965 0.487633249101539 0.579475868803759 0.558075574537118 0.519274159024159 0.388633488987883 0.445821358511845 0.337396798034509 -9999 -9999 -9999 -9999 -9999 -9999 -9999 -9999 -9999 -9999 -9999 -9999 -9999 -9999 -9999 -9999 -9999 -9999 -9999 -9999 0.347995044818769 0.62366927601397 0.816645919034878 0.71613071548442
-9999 -9999 -9999 0.430805376420418 0.471188935140769 0.582284267991781 0.562891134992242 0.445077928404013 -9999 -9999 -9999 -9999 -9999 0.0375811918250596 0.300428178471824 0.396068227166931 0.639902597914139 0.750371185441812 0.815478532885512 0.690833094219367 0.620897995928923 0.676455869028966 0.709383708735307 0.71209370965759 0.594995419184367 0.868154269953569 0.703264084955057 0.731614387283723 0.517518392453591 0.442636078844468 0.636885871994309 0.50079146027565 0.436871856451034 0.569359862866501 0.579413125912348 0.55507645290345 0.543545713027318 0.547443284808348 0.352861036546528 -9999 -9999 -9999 -9999 -9999 -9999 -9999 -9999 -9999 -9999 -9999 -9999 -9999 -9999 -9999 -9999 -9999 -9999 -9999 -9999 -9999 -9999 0.298926915973425 0.671726028745373
-9999 -9999 -9999 0.283152362331748 0.390497640240937 0.44026955217123 0.361909588177999 0.520084152619044 0.433648514250914 -9999 -9999 -9999 -9999 -9999 -9999 -9999 0.28644701341788 0.461110830927889 0.614266186952591 0.558092447618643 0.58172270655632 0.608840301632881 0.666220555702845 0.744024086122712 0.614823874086142 0.705457614113887 0.829280585050583 0.699220202863216 0.720529581109683 0.742244276916608 0.572605145474275 0.659307758634289 0.625694219022989 0.706110713382562 0.674295514822006 0.591010197997093 0.498457091550032 0.409238314876954 -9999 -9999 -9999 -9999 -9999 -9999 -9999 -9999 -9999 -9999 -9999 -9999 -9999 -9999 -9999 -9999 -9999 -9999 -9999 -9999 -9999 -9999 -9999 -9999 0.225510910153389
0.114698236808181 -9999 -9999 0.00898406965037187 0.231711152940989 0.362243305891752 0.453669988860687 0.585197077443202 0.652601284285386 0.494724517067273 -9999 -9999 -9999 -9999 -9999 -9999 -9999 -9999 0.320387329751005 0.538959326222539 0.675137751890967 0.67945919247965 0.644524862989783 0.701056640595198 0.681228003658665 0.76565282791853 0.726057887077332 0.739776396503051 0.581942945097884 0.577280720074972 0.639600399881601 0.67573386306564 0.758153684941741 0.73368489012743 0.680621944678326 0.562917721069728 0.438400958975156 0.352194494257371 -9999 -9999 -9999 -9999 -9999 -9999 -9999 -9999 -9999 -9999 -9999 -9999 -9999 -9999 -9999 -9999 -9999 -9999 -9999 -9999 -9999 -9999 -9999 -9999 -9999
0.159273654222488 -9999 -9999 -9999 -9999 0.120920379646122 0.288508678476016 0.415421690791845 0.671290797491868 0.481462154537439 0.470564465969801 -9999 -9999 -9999 -9999 -9999 -9999 -9999 -9999 -9999 0.430859104419748 0.715555202836792 0.581165793041388 0.730393451948961 0.62669222181042 0.646744914818555 0.631973487635454 0.631142405172189 0.508260250091553 0.591435180356105 0.584602465620264 0.538810761567826 0.433951997353385 0.478994242846966 0.448968794817726 0.449843316028516 0.356332898139954 0.552076292224228 -9999 -9999 -9999 -9999 -9999 -9999 -9999 -9999 -9999 -9999 -9999 -9999 -9999 -9999 -9999 -9999 -9999 -9999 -9999 -9999 -9999 -9999 -9999 -9999 -9999
0.19192234488825 -9999 -9999 -9999 -9999 -9999 0.141002490029981 0.263775053744515 0.414786025881767 0.626840891316533 0.67066977918148 0.444234349454443 0.261973038315773 0.21767682954669 -9999 -9999 -9999 -9999 -9999 -9999 -9999 0.345475266687572 0.680709138512611 0.584272454492748 0.664082531817257 0.392641374220451 0.547680767718703 0.670978476603826 0.588601592928171 0.572699118405581 0.528699373593554 0.582294420649608 0.555413807431857 0.505345927085727 0.39141389913857 0.363589471206069 0.429695170372725 0.531331923479835 -9999 -9999 -9999 -9999 -9999 -9999 -9999 -9999 -9999 0.463764610389868 0.650267535820603 0.467684893558423 0.401886003712813 0.366982591028015 0.347923614084721 0.249996514990926 -9999 -9999 -9999 -9999 -9999 -9999 -9999 -9999 -9999
-9999 -9999 -9999 -9999 -9999 -9999 -9999 -9999 0.181720483737687 0.246314622461796 0.520160734343032 0.512602926542362 0.412756107747555 0.179520818094413 0.146025304992994 -9999 -9999 -9999 -9999 -9999 -9999 0.349778138935411 0.520258609826366 0.600413812324405 0.599727934847275 0.524879025916258 0.530654300625126 0.544600005572041 0.616419947550943 0.490658936401208 0.49256594851613 0.541414055701656 0.479555082817872 0.445101430329184 0.513469994689028 0.299902287001411 0.332502983510494 0.262576426068942 0.261675025026003 0.226152061329534 -9999 -9999 -9999 -9999 -9999 0.512578971063097 0.598078602304061 0.57050522385786 0.420911315828562 0.361315002044042 0.438683100044727 0.445260946949323 0.412587980429331 0.306260898709297 0.426640462130308 0.4057885085543 -9999 -9999 -9999 -9999 -9999 -9999 -9999
0.142390184104443 -9999 -9999 -9999 -9999 -9999 -9999 -9999 -9999 -9999 0.20849292849501 0.303130305682619 0.464399694465101 0.345402915030718 0.220768668999275 0.141642974068721 0.0972430408000946 -9999 -9999 -9999 -9999 0.260133799165487 0.455353823800882 0.463077019900083 0.470324539889892 0.542102182904879 0.515473876885759 0.410816515485446 0.294575075308482 0.32055259992679 -9999 -9999 -9999 -9999 0.236090883612633 0.258353528877099 0.286900994678338 -9999 -9999 -9999 0.224672972379873 0.369481635590394 0.507555815080802 0.510242808610201 0.404715464139978 0.27369183798631 0.355243794620037 0.287742453937729 0.320705820806324 0.223034162074327 0.250282827143868 0.0840745568275452 0.430769388020659 0.295178490380446 0.381158648679654 0.629733902712663 0.631255619227886 0.438470045725505 0.490362927317619 0.506214547902346 0.472233512749275 0.44797457754612 0.256697465976079
0.303074278558294 0.126982949674129 -9999 -9999 -9999 -9999 -9999 -9999 -9999 -9999 -9999 -9999 0.287422913747529 0.544481081267198 0.434826515614986 -9999 -9999 -9999 0.129026220490535 -9999 -9999 0.207334652853509 0.423781568805377 0.56257941822211 0.420955927421649 0.414512997648368 0.371452530225118 -9999 0.136174426724513 0.133602960656087 0.0545024673144023 -9999 -9999 -9999 -9999 -9999 0.401289805149039 0.314964897930622 0.286621460070213 0.312072383084645 0.32315639903148 0.368258886039257 0.312122789522012 0.355398267817994 0.251149207043151 0.348404626051585 0.294254006197055 0.0930487805356582 0.201509988245865 0.111397303019961 0.144580505788326 0.285395314296087 0.235117591917515 0.338251107061903 0.414836943149567 0.35675327728192 0.461555772771438 0.409617654979229 -9999 0.584094683329264 0.419022784257929 0.372888127962748 0.146813198924065
0.217797430853049 -9999 -9999 -9999 -9999 -9999 -9999 -9999 -9999 -9999 -9999 -9999 -9999 0.197434345881144 0.486977325131496 -9999 -9999 -9999 -9999 -9999 -9999 -9999 0.306880014017224 0.522905837744474 0.454434015167256 0.478058905651172 0.263902229567369 0.441212572157383 -9999 -9999 -9999 -9999 -9999 -9999 -9999 0.259256900598605 0.275229038670659 0.271613563100497 0.29949015378952 0.375118996948004 0.330352564652761 0.374387095371882 0.132272340978185 0.201902270957362 0.127277329564095 0.0536826054255168 0.167109455913305 0.122326097761591 0.179631788283587 0.200032708545526 0.0597553020343184 0.128826014697552 0.15461894745628 0.264378321046631 0.19553005322814 0.282883558422327 0.248918668677409 -9999 -9999 0.147420477122068 0.294428516179323 0.38582729610304 -9999
0.0434862940261761 -9999 -9999 -9999 -9999 -9999 -9999 -9999 -9999 -9999 -9999 -9999 -9999 -9999 0.367001487563054 0.393321173886458 -9999 -9999 -9999 -9999 -9999 -9999 -9999 0.262628251686692 0.417631867807359 0.395903681094448 0.3363898396492 0.214180921514829 0.184890983005365 -9999 -9999 -9999 -9999 -9999 -9999 0.186477936804295 0.219358554730813 0.296390053505699 0.246949742237727 0.433260118588805 0.304931963483492 0.139470589657625 0.160551322003206 0.319981353978316 0.161313615584125 0.132077571858341 0.0761775610347589 0.143783303598563 0.00409316271543503 0.210333429276943 0.119376497964064 0.0136506905158361 0.161183860773842 0.335866036514441 0.174808231492837 0.174890582760175 0.349162772918741 -9999 0.504940693577131 0.188900945087274 -9999 -9999 0.404237593213717
-9999 -9999 -9999 -9999 -9999 -9999 -9999 -9999 -9999 -9999 -9999 -9999 -9999 -9999 0.230615970989068 -9999 -9999 -9999 -9999 -9999 -9999 -9999 -9999 0.0655528791248798 0.226199626301726 0.311242048939069 0.373320701221625 0.303932959834735 -9999 -9999 -9999 -9999 -9999 -9999 -9999 0.0837187307576338 0.136574889222781 0.297343425452709 0.266589182118575 0.266378795107206 0.171543977533778 0.196737019966046 0.425194558377067 0.314612206692497 0.146928741286198 0.216783177117274 0.00830205033222836 0.0555142400165399 0.176205052994192 0.11832064203918 0.094750947629412 0.176827855408192 0.161417086919149 0.22460230688254 0.574650540947914 -9999 0.179271797339121 0.0374956292410692 0.199163156251113 0.140456958363454 0.153140508880218 0.285131816053763 0.299891681720813
-9999 -9999 -9999 -9999 -9999 -9999 -9999 -9999 -9999 -9999 -9999 -9999 -9999 0.120139713399112 0.229885911258558 -9999 -9999 -9999 -9999 -9999 -9999 -9999 -9999 -9999 0.133069885584215 0.175118796527386 0.228735828772187 0.161994252664347 0.135504926244418 0.0873850942589343 -9999 -9999 -9999 -9999 -9999 0.112581305205822 0.230600685502092 0.417011627384151 0.274309098720551 0.310384546717008 0.253711814681689 0.24246800566713 0.271337353313963 0.190980189169447 0.193694294119875 0.130731303244829 0.229598848770062 0.00644555191198987 0.232076434418559 0.202088957031568 0.143515278430035 0.373201296354334 0.15874574581782 -0.111532514293989 0.247942328472467 -9999 0.197699368000031 0.171734220037858 0.0656460064152876 0.289064958691597 0.140010921905438 0.177621144180497 0.31216965864102
-9999 -9999 -9999 -9999 -9999 -9999 -9999 0.0910387715945641 0.00111515820026398 0.142507011691729 0.136594725151857 0.086242500692606 0.138152954479059 -9999 -9999 -9999 -9999 -9999 -9999 -9999 -9999 -9999 -9999 -9999 -9999 0.286593641464909 0.303762088219325 0.200531102716923 -9999 0.0326518254975478 -9999 -9999 -9999 -9999 -9999 -9999 0.194754476348559 0.348987390597661 0.347258580848575 0.270647844299674 0.247312285006046 0.156366261343161 0.321064134438833 0.301846439639727 0.19673703579853 0.17083857084314 0.103042558456461 0.141209899137417 0.138758309185505 0.200911100953817 0.218482298931728 0.278108529280871 0.257275121907393 0.201306444903215 0.381831599399447 0.265669802824656 0.24646881626298 0.305579421420892 0.204212913910548 0.188135910779238 0.138473317958415 0.0672306101769209 0.048928514122963
0.0957668069750071 0.0881771743297577 -9999 -9999 -9999 -9999 -9999 -9999 -9999 0.0694801447292169 0.0206072355310122 0.0140804847081502 0.0958382834990819 -9999 -9999 -9999 -9999 -9999 -9999 -9999 -9999 -9999 -9999 -9999 -9999 0.118818336476882 0.179508070151011 0.211007982492447 -9999 -9999 -9999 -9999 -9999 -9999 -9999 -9999 -9999 0.18843633433183 0.198119002704819 0.277442365884781 0.232381381094456 0.312119040017327 0.220769009552896 0.244372385469129 0.294919537845999 0.229852496335904 0.099355012178421 0.125722294052442 0.120768318573634 0.171243401399503 0.189388285080592 0.200173040231069 0.198530870179335 0.297015310575565 0.261909596971236 0.244129755844673 0.207032270729542 0.14450337861975 0.10509063800176 0.119199801158781 0.146671471496423 0.0349289240936438 0.130200089886785
0.00444537897904715 0.0196371028820674 -0.0311878199378649 0.106135060389837 -9999 -9999 -9999 -9999 -9999 -9999 -9999 -9999 -9999 -9999 -9999 -9999 -9999 -9999 -9999 -9999 -9999 -9999 -9999 -9999 -9999 -9999 0.0838795488816686 0.0902589646478494 -9999 -9999 -9999 -9999 -9999 -9999 -9999 -9999 -9999 0.049043785315007 0.19767044360439 0.121015710756183 0.285916904142747 0.372462493988375 0.0806796066462994 0.168753831336896 0.153643245498339 0.252958994358778 0.343032982200384 0.265919148921967 0.240898254637917 0.241916190211972 0.140502116332452 -9999 0.154627980043491 0.17009989451617 0.225424288151165 0.234826060632865 0.0103996718923251 0.0579616253574689 0.0205535267790159 0.075834734365344 0.155830500026544 0.079576396693786 0.187553482751052
-0.145359184592962 -0.042571596801281 0.0367259432872137 -9999 -9999 -9999 -9999 -9999 -9999 -9999 -9999 -9999 -9999 -9999 -9999 -9999 -9999 -9999 -9999 -9999 -9999 -9999 -9999 -9999 -9999 -9999 -9999 -9999 -9999 -9999 -9999 -9999 -9999 -9999 -9999 -9999 -9999 -9999 -9999 -9999 -9999 0.158488916854064 0.0585887674242258 -9999 -9999 -9999 -9999 0.14720081537962 0.137637905776501 0.168343731202185 -9999 -9999 -9999 -9999 0.171370875711242 0.0556126087903976 0.0814844059447447 -0.0120642234881719 0.00547188892960548 -0.0223212290244798 -0.013956792652607 0.0431496373688181 0.0474016120036443
0.0637630584339301 0.0261181304231286 0.0516144260764122 0.0808437181015809 -9999 -9999 -9999 -9999 -9999 -9999 -9999 -9999 -9999 -9999 -9999 -9999 -9999 -9999 -9999 -9999 -9999 -9999 -9999 -9999 -9999 -9999 -9999 -9999 -9999 -9999 -9999 -9999 -9999 -9999 -9999 -9999 -9999 -9999 -9999 -9999 -9999 -9999 -9999 -9999 -9999 -9999 -9999 -9999 -9999 -9999 -9999 -9999 -9999 -9999 0.295222360640764 0.0845885674158732 -0.00794922715673843 0.0349421547725797 0.0717658499876658 0.0403392227987448 0.152182976404826 0.0971434699992339 0.0279448997850219
-0.00595561166604361 0.0258892513811588 0.0354050354411205 -0.0539475940167904 -9999 -9999 -9999 -9999 -9999 -9999 -9999 -9999 -9999 -9999 -9999 -9999 -9999 -9999 -9999 -9999 -9999 -9999 -9999 -9999 -9999 -9999 -9999 -9999 -9999 0.0705926379499336 0.021820954978466 0.0391257818167408 0.0864779936770598 0.0794491674751043 0.0643534995615482 -9999 -9999 -9999 -9999 -9999 -9999 -9999 -9999 -9999 -9999 -9999 -9999 -9999 -0.0352110452950001 0.0283729980389277 -9999 -9999 -9999 -9999 0.214983748892943 0.0539760539929072 0.0535048792759577 -0.0432118383081009 0.0325907369454702 0.00396466674283147 0.0478151237669711 0.0948829253514608 0.088979039962093
0.0167886820466568 0.0286885381986698 -0.0316280551681605 -9999 -9999 -9999 -9999 -9999 -9999 -9999 -9999 -9999 -9999 -9999 -9999 -9999 -9999 -9999 -9999 -9999 -9999 -9999 -9999 -9999 -9999 -9999 -9999 -9999 -9999 -9999 -9999 -9999 -9999 -9999 -9999 -9999 -9999 -9999 -9999 -9999 -9999 -9999 -9999 -9999 -9999 -9999 -9999 0.0821304054309924 0.00106313327948253 -9999 -9999 -9999 -9999 -9999 0.111589925984542 0.0866395508249601 0.0138955855121215 0.0871892115101218 0.0481191811462243 0.0404972943166892 0.0140984179452062 0.131328051599364 0.0993849276565015
0.0166702335700393 0.0761580240602295 -9999 -9999 -9999 -9999 -9999 -9999 -9999 -9999 -9999 -9999 -9999 -9999 -9999 -9999 -9999 -9999 -9999 -9999 -9999 -9999 -9999 -9999 -9999 -9999 -9999 -9999 -9999 -9999 -9999 -9999 -9999 -9999 -9999 -9999 -9999 -9999 -9999 -9999 -9999 -9999 -9999 -9999 -9999 -9999 -9999 -9999 -9999 -9999 -9999 -9999 -9999 0.176039161160588 0.117411280671755 0.0781354792416096 0.0467451841880878 0.114393108834823 0.0598784292427202 0.12173228772978 0.096851994904379 0.0914206293721994 0.177555012516677
